20101201,0.00,0.00,0.00,1000.00,0,0.00,0,0.00
20101204,0.00,0.00,0.00,1000.00,0,0.00,0,1000.00
20101205,0.00,0.00,0.00,1000.00,0,0.00,0,1000.00
20101206,0.00,0.00,0.00,1000.00,0,0.00,0,1000.00
20101207,0.00,0.00,0.00,1000.00,0,0.00,0,1000.00
20101208,0.00,0.00,0.00,1000.00,0,0.00,0,1000.00
20101211,0.00,0.00,0.00,1000.00,0,0.00,0,1000.00
20101212,0.00,0.00,0.00,1000.00,0,0.00,0,1000.00
20101213,0.00,0.00,0.00,1000.00,0,0.00,0,1000.00
20101214,0.00,0.00,0.00,1000.00,0,0.00,0,1000.00
20101218,0.00,0.00,0.00,1000.00,0,0.00,0,1000.00
20101219,34950.00,34950.00,34950.00,34950.00,112590000,3935020500000.00,732,1000.00
20101220,36697.00,36697.00,36697.00,36697.00,274075,10057730275.00,97,34950.00
20101221,38200.00,38531.00,37500.00,38486.00,28532764,1098112342715.00,7471,36697.00
20101222,38486.00,38800.00,37500.00,38331.00,7198250,275916614832.00,3297,38486.00
20101225,37805.00,38278.00,37602.00,37943.00,2460574,93361816727.00,1490,38331.00
20101226,38200.00,38349.00,37740.00,38019.00,2142528,81456281717.00,952,37943.00
20101227,37800.00,37997.00,36750.00,37219.00,2284484,85025275485.00,1287,38019.00
20101228,36610.00,36999.00,36050.00,36401.00,2640476,96116434622.00,1050,37219.00
20101229,36263.00,37899.00,36263.00,37494.00,2040910,76522817561.00,792,36401.00
20110101,37600.00,37990.00,37102.00,37319.00,1300871,48547822410.00,503,37494.00
20110102,37249.00,37698.00,37047.00,37509.00,1171093,43926705844.00,551,37319.00
20110103,37500.00,38640.00,37500.00,38288.00,2642975,101193603397.00,1048,37509.00
20110104,38700.00,39985.00,38700.00,39538.00,3391433,134090886908.00,1285,38288.00
20110105,40000.00,41512.00,40000.00,40868.00,2893842,118266769534.00,786,39538.00
20110108,40300.00,40498.00,39950.00,40069.00,2030510,81361334634.00,747,40868.00
20110109,40008.00,40988.00,40002.00,40507.00,1192326,48297773072.00,473,40069.00
20110110,40605.00,41500.00,39703.00,40589.00,4325751,175579334164.00,931,40507.00
20110111,39950.00,41149.00,39950.00,40286.00,450750,18158870718.00,103,40589.00
20110112,0.00,0.00,0.00,40286.00,0,0.00,0,40286.00
20110115,0.00,0.00,0.00,40286.00,0,0.00,0,40286.00
20110116,0.00,0.00,0.00,40286.00,0,0.00,0,40286.00
20110117,0.00,0.00,0.00,40286.00,0,0.00,0,40286.00
20110118,0.00,0.00,0.00,40286.00,0,0.00,0,40286.00
20110119,0.00,0.00,0.00,40286.00,0,0.00,0,40286.00
20110122,0.00,0.00,0.00,40286.00,0,0.00,0,40286.00
20110123,0.00,0.00,0.00,40286.00,0,0.00,0,40286.00
20110124,0.00,0.00,0.00,40286.00,0,0.00,0,40286.00
20110126,0.00,0.00,0.00,40286.00,0,0.00,0,40286.00
20110129,0.00,0.00,0.00,40286.00,0,0.00,0,40286.00
20110130,0.00,0.00,0.00,40286.00,0,0.00,0,40286.00
20110131,0.00,0.00,0.00,40286.00,0,0.00,0,40286.00
20110201,0.00,0.00,0.00,40286.00,0,0.00,0,40286.00
20110205,0.00,0.00,0.00,40286.00,0,0.00,0,40286.00
20110206,0.00,0.00,0.00,40286.00,0,0.00,0,40286.00
20110207,0.00,0.00,0.00,40286.00,0,0.00,0,40286.00
20110208,0.00,0.00,0.00,40286.00,0,0.00,0,40286.00
20110209,0.00,0.00,0.00,40286.00,0,0.00,0,40286.00
20110212,0.00,0.00,0.00,40286.00,0,0.00,0,40286.00
20110213,0.00,0.00,0.00,40286.00,0,0.00,0,40286.00
20110214,0.00,0.00,0.00,40286.00,0,0.00,0,40286.00
20110215,0.00,0.00,0.00,40286.00,0,0.00,0,40286.00
20110216,0.00,0.00,0.00,40286.00,0,0.00,0,40286.00
20110219,0.00,0.00,0.00,40286.00,0,0.00,0,40286.00
20110220,41002.00,43990.00,41002.00,42901.00,5966453,255966840978.00,1693,40286.00
20110222,42700.00,43780.00,42620.00,43071.00,1688907,72743284502.00,792,42901.00
20110223,43000.00,43700.00,42850.00,43486.00,1318087,57317853924.00,518,43071.00
20110226,43550.00,44900.00,43550.00,44236.00,1405103,62156569172.00,469,43486.00
20110227,44251.00,44799.00,44251.00,44585.00,699515,31187926263.00,331,44236.00
20110228,44600.00,44600.00,43608.00,43961.00,420132,18469281636.00,280,44585.00
20110301,43800.00,43800.00,42501.00,42841.00,1936494,82961782920.00,494,43961.00
20110302,43001.00,43800.00,43000.00,43028.00,21656689,931851865835.00,1001,42841.00
20110305,43299.00,43649.00,43100.00,43120.00,7353063,317061095525.00,951,43028.00
20110306,43270.00,43400.00,43100.00,43204.00,335143,14479523399.00,274,43120.00
20110307,43100.00,43300.00,43029.00,43110.00,615783,26546706373.00,247,43204.00
20110308,43250.00,43500.00,43111.00,43277.00,1277853,55301326847.00,430,43110.00
20110309,43500.00,44480.00,43500.00,43619.00,15824245,690237724428.00,614,43277.00
20110312,44099.00,44399.00,43981.00,44018.00,4687462,206333476595.00,875,43619.00
20110313,44032.00,44900.00,44032.00,44278.00,2475765,109621058138.00,586,44018.00
20110314,44700.00,45848.00,44220.00,44280.00,36437626,1613448220740.00,842,44278.00
20110315,46000.00,46494.00,46000.00,46466.00,1924631,89429674648.00,1557,44280.00
20110316,48000.00,48597.00,48000.00,48458.00,1182676,57309695780.00,737,46466.00
20110319,48942.00,49970.00,48410.00,49095.00,1739228,85387921954.00,511,48458.00
20110326,49499.00,51549.00,49053.00,51019.00,423313,21597189617.00,226,49095.00
20110327,53001.00,53569.00,51200.00,52350.00,1238816,64852152071.00,570,51019.00
20110328,51400.00,51999.00,51000.00,51594.00,2469722,127422785954.00,400,52350.00
20110329,52000.00,52500.00,50000.00,51821.00,1015917,52645997031.00,456,51594.00
20110330,51999.00,51999.00,50500.00,50923.00,851203,43345739480.00,393,51821.00
20110403,50800.00,50898.00,50100.00,50373.00,555333,27973874531.00,371,50923.00
20110404,50120.00,52500.00,50120.00,52039.00,1615659,84078065499.00,540,50373.00
20110405,52880.00,53190.00,52053.00,52804.00,1459095,77045905334.00,518,52039.00
20110406,52900.00,54000.00,52102.00,52734.00,2593832,136783749677.00,631,52804.00
20110409,53500.00,53999.00,50100.00,52409.00,1776100,93083746034.00,556,52734.00
20110410,52229.00,52229.00,50212.00,51053.00,1037412,52962628859.00,376,52409.00
20110411,50590.00,52100.00,50590.00,51423.00,648877,33367063564.00,277,51053.00
20110412,51000.00,52499.00,50800.00,51989.00,1592438,82788543104.00,580,51423.00
20110413,53000.00,53900.00,52522.00,52927.00,1373149,72677166808.00,470,51989.00
20110416,52927.00,53500.00,51889.00,52173.00,648374,33827650229.00,255,52927.00
20110417,52510.00,53000.00,52400.00,52769.00,1679104,88604303757.00,414,52173.00
20110418,52802.00,53000.00,52500.00,52814.00,1129095,59632173038.00,437,52769.00
20110419,52900.00,52997.00,51541.00,52081.00,578887,30148842609.00,238,52814.00
20110420,52797.00,52797.00,52081.00,52262.00,761623,39803802898.00,277,52081.00
20110423,52500.00,53200.00,52300.00,52835.00,1502854,79402988048.00,537,52262.00
20110424,52803.00,52999.00,52303.00,52684.00,2735121,144096335944.00,1015,52835.00
20110425,0.00,0.00,0.00,52684.00,0,0.00,0,52684.00
20110426,0.00,0.00,0.00,52684.00,0,0.00,0,52684.00
20110427,0.00,0.00,0.00,52684.00,0,0.00,0,52684.00
20110430,0.00,0.00,0.00,52684.00,0,0.00,0,52684.00
20110501,0.00,0.00,0.00,47684.00,0,0.00,0,52684.00
20110502,46000.00,46550.00,44211.00,45270.00,12250362,554577073531.00,1491,47684.00
20110503,45000.00,45000.00,43007.00,43530.00,4647241,202295502629.00,933,45270.00
20110504,44000.00,45008.00,44000.00,44404.00,17828724,791670814572.00,742,43530.00
20110508,44350.00,44350.00,42500.00,42733.00,1352896,57813782654.00,420,44404.00
20110509,43220.00,44500.00,43220.00,43930.00,285829,12556415004.00,167,42733.00
20110510,44799.00,44799.00,43000.00,43514.00,367966,16011528749.00,234,43930.00
20110511,43988.00,43988.00,42950.00,43004.00,983211,42282164868.00,255,43514.00
20110514,43000.00,43100.00,42701.00,42987.00,257582,11072567590.00,49,43004.00
20110515,43001.00,43088.00,42501.00,42907.00,526219,22578687392.00,245,42987.00
20110516,42501.00,42670.00,40762.00,41530.00,1859847,77239299922.00,541,42907.00
20110517,40799.00,42300.00,40775.00,42020.00,394295,16568375168.00,184,41530.00
20110518,42400.00,43499.00,42400.00,42948.00,322804,13863687678.00,165,42020.00
20110521,43000.00,43100.00,42110.00,42508.00,306090,13011188364.00,117,42948.00
20110522,42850.00,42850.00,42000.00,42224.00,752651,31779948591.00,171,42508.00
20110523,42499.00,42499.00,42000.00,42132.00,417943,17608723422.00,184,42224.00
20110524,42150.00,43000.00,42117.00,42612.00,431180,18373242613.00,166,42132.00
20110525,42500.00,42500.00,41803.00,41929.00,605048,25368938901.00,216,42612.00
20110528,41105.00,42000.00,41105.00,41684.00,694405,28945670722.00,234,41929.00
20110529,41000.00,41002.00,40402.00,40556.00,1487260,60317636472.00,330,41684.00
20110530,40021.00,42300.00,40021.00,41312.00,322549,13325105724.00,157,40556.00
20110531,42500.00,42590.00,42003.00,42332.00,265309,11231037545.00,124,41312.00
20110601,42201.00,42500.00,41580.00,42173.00,353084,14890761092.00,125,42332.00
20110606,41906.00,42381.00,41906.00,42082.00,441165,18565064842.00,97,42173.00
20110607,41614.00,42399.00,41614.00,42010.00,605916,25454709595.00,122,42082.00
20110608,42300.00,42495.00,41900.00,42156.00,201226,8482942546.00,105,42010.00
20110611,42399.00,42400.00,41707.00,41941.00,559823,23479720692.00,146,42156.00
20110612,42000.00,42300.00,41753.00,41921.00,490736,20571963793.00,116,41941.00
20110613,42284.00,42284.00,41781.00,42023.00,360983,15169552768.00,117,41921.00
20110614,41999.00,42300.00,41999.00,42038.00,237169,9970126434.00,99,42023.00
20110615,42000.00,42150.00,41753.00,41975.00,111691,4688202000.00,79,42038.00
20110618,42300.00,42300.00,42001.00,42191.00,71531,3017994565.00,64,41975.00
20110619,42104.00,42450.00,41928.00,42061.00,165647,6967257259.00,89,42191.00
20110620,41906.00,42300.00,41905.00,42014.00,176116,7399345058.00,67,42061.00
20110621,41905.00,42200.00,41902.00,42007.00,427281,17948959161.00,106,42014.00
20110622,41920.00,42150.00,41920.00,42023.00,68567,2881379946.00,58,42007.00
20110625,42000.00,42001.00,41901.00,41997.00,78950,3315638073.00,63,42023.00
20110626,41997.00,41999.00,40600.00,41828.00,437878,18315514825.00,93,41997.00
20110627,41200.00,41200.00,39737.00,39916.00,1514025,60433999541.00,158,41828.00
20110628,38700.00,41848.00,38700.00,41284.00,418987,17297406597.00,136,39916.00
20110629,41999.00,42980.00,41994.00,42352.00,170847,7235736415.00,144,41284.00
20110702,42000.00,42499.00,42000.00,42272.00,102730,4342647058.00,85,42352.00
20110703,42000.00,42001.00,41703.00,41961.00,129701,5442344088.00,60,42272.00
20110704,41813.00,42000.00,41813.00,41966.00,201788,8468271371.00,53,41961.00
20110705,42000.00,42000.00,41632.00,41939.00,35568,1491693847.00,41,41966.00
20110706,41950.00,42000.00,41505.00,41959.00,129522,5434623351.00,67,41939.00
20110709,41950.00,42020.00,41719.00,41885.00,238190,9976694022.00,91,41959.00
20110710,41880.00,41998.00,41400.00,41720.00,163557,6823643745.00,77,41885.00
20110711,41699.00,41979.00,41026.00,41683.00,56627,2360372059.00,84,41720.00
20110712,40170.00,41440.00,40170.00,40604.00,9696,393696652.00,17,41683.00
20110713,40604.00,41299.00,40604.00,41046.00,12985,532976367.00,19,40604.00
20110716,41001.00,41200.00,41001.00,41056.00,8923,366343132.00,27,41046.00
20110718,41005.00,41900.00,41000.00,41406.00,184869,7654623432.00,61,41056.00
20110719,41001.00,42000.00,41001.00,41902.00,412238,17273523272.00,119,41406.00
20110720,41902.00,42039.00,41902.00,42000.00,517945,21753917519.00,85,41902.00
20110723,42000.00,42800.00,42000.00,42474.00,375474,15948059916.00,108,42000.00
20110724,42650.00,43889.00,42650.00,43425.00,273346,11869914894.00,122,42474.00
20110725,43900.00,43900.00,42650.00,42977.00,503536,21640614128.00,102,43425.00
20110726,43000.00,43150.00,41051.00,42930.00,180440,7746250061.00,68,42977.00
20110727,43000.00,43200.00,42726.00,43005.00,116782,5022260795.00,46,42930.00
20110730,42900.00,43000.00,42500.00,42804.00,109945,4706079044.00,45,43005.00
20110731,42528.00,43000.00,42500.00,42693.00,27708,1182945806.00,34,42804.00
20110801,42500.00,43040.00,42100.00,42986.00,171307,7363764913.00,68,42693.00
20110802,42800.00,43000.00,42400.00,42603.00,5833,248501890.00,13,42986.00
20110803,42610.00,43099.00,42610.00,42985.00,290559,12489545671.00,91,42603.00
20110806,42661.00,42661.00,42501.00,42521.00,58644,2493609623.00,42,42985.00
20110807,42900.00,43300.00,42500.00,42914.00,172442,7400162329.00,40,42521.00
20110808,42500.00,42664.00,42500.00,42507.00,168490,7161963461.00,50,42914.00
20110809,42500.00,42500.00,42302.00,42487.00,175969,7476412042.00,54,42507.00
20110810,42499.00,42600.00,42404.00,42487.00,77037,3273074721.00,46,42487.00
20110813,42400.00,43000.00,42400.00,42950.00,534081,22938749055.00,133,42487.00
20110814,43089.00,43290.00,42801.00,43033.00,170171,7322979970.00,80,42950.00
20110815,43010.00,43500.00,43002.00,43262.00,180755,7819882878.00,95,43033.00
20110816,43350.00,43800.00,43350.00,43635.00,193096,8425757004.00,75,43262.00
20110817,43702.00,45001.00,43702.00,44870.00,964604,43282041120.00,231,43635.00
20110820,44017.00,45300.00,44017.00,44938.00,88362,3970826002.00,90,44870.00
20110821,44590.00,44967.00,44551.00,44673.00,124333,5554361170.00,55,44938.00
20110823,44874.00,45198.00,44609.00,45016.00,613972,27638518941.00,112,44673.00
20110824,44615.00,45200.00,44615.00,45000.00,2448099,110163417960.00,62,45016.00
20110827,44702.00,45000.00,44702.00,44991.00,135974,6117558821.00,60,45000.00
20110828,44800.00,45000.00,44500.00,44974.00,80108,3602779504.00,55,44991.00
20110829,44800.00,45399.00,44700.00,45165.00,766978,34640379575.00,90,44974.00
20110830,45450.00,45500.00,45000.00,45141.00,58211,2627685074.00,51,45165.00
20110831,0.00,0.00,0.00,45141.00,0,0.00,0,45141.00
20110903,45499.00,46100.00,45497.00,45892.00,58576,2688154932.00,78,45141.00
20110904,46300.00,46985.00,46250.00,46506.00,1155799,53751405371.00,80,45892.00
20110905,46469.00,46500.00,46251.00,46427.00,28651,1330187828.00,27,46506.00
20110906,46001.00,46470.00,46001.00,46404.00,79360,3682640901.00,41,46427.00
20110907,46361.00,47502.00,46120.00,46882.00,530293,24861391039.00,125,46404.00
20110910,47099.00,47650.00,47005.00,47250.00,14807,699631281.00,37,46882.00
20110911,47003.00,47300.00,47003.00,47177.00,28029,1322325232.00,40,47250.00
20110912,47177.00,48300.00,47177.00,47979.00,259860,12467897859.00,89,47177.00
20110913,48175.00,48175.00,46900.00,47326.00,464822,21997956380.00,96,47979.00
20110914,47000.00,47295.00,47000.00,47264.00,73956,3495448874.00,46,47326.00
20110917,47000.00,47896.00,47000.00,47297.00,44081,2084885265.00,37,47264.00
20110918,47498.00,47700.00,47320.00,47481.00,55461,2633345762.00,51,47297.00
20110919,47301.00,47580.00,47251.00,47364.00,90769,4299226181.00,46,47481.00
20110920,47301.00,48900.00,47301.00,47922.00,521070,24970534234.00,98,47364.00
20110921,48003.00,48200.00,47580.00,47665.00,1232584,58751700364.00,300,47922.00
20110925,47360.00,48500.00,47360.00,48050.00,583629,28043471494.00,64,47665.00
20110926,48050.00,48050.00,47700.00,47889.00,1534616,73490574253.00,78,48050.00
20110927,47800.00,48001.00,47800.00,47978.00,40900,1962305925.00,37,47889.00
20110928,48188.00,48386.00,47900.00,48117.00,154813,7449183956.00,74,47978.00
20111001,48200.00,48350.00,48100.00,48240.00,113131,5457390831.00,54,48117.00
20111002,48201.00,48700.00,48002.00,48500.00,1011221,49044714254.00,154,48240.00
20111003,48500.00,49500.00,48500.00,48974.00,115509,5656911529.00,76,48500.00
20111004,49800.00,50521.00,49798.00,50079.00,318926,15971512382.00,158,48974.00
20111005,51000.00,52000.00,50012.00,50845.00,378282,19233805380.00,199,50079.00
20111008,50900.00,50900.00,49990.00,50010.00,5168998,258500620216.00,119,50845.00
20111009,49903.00,50097.00,49400.00,49971.00,2252003,112535314564.00,97,50010.00
20111010,49900.00,50088.00,49400.00,49937.00,65342,3262986095.00,72,49971.00
20111011,50000.00,50049.00,49910.00,49999.00,268106,13405069312.00,60,49937.00
20111012,50100.00,50570.00,49998.00,50052.00,5397729,270169169534.00,109,49999.00
20111015,50000.00,50002.00,49901.00,49983.00,579537,28966856388.00,103,50052.00
20111016,49983.00,49400.00,49400.00,49983.00,0,0.00,0,49983.00
20111017,50000.00,50400.00,49588.00,50063.00,1629655,81585328210.00,193,49983.00
20111018,50000.00,50190.00,50000.00,50106.00,473099,23705288186.00,150,50063.00
20111019,50101.00,50180.00,50051.00,50108.00,552790,27699097427.00,178,50106.00
20111022,50000.00,50224.00,50000.00,50129.00,89531,4488077898.00,54,50108.00
20111023,50070.00,50320.00,50050.00,50124.00,197380,9893468492.00,64,50129.00
20111024,50020.00,50100.00,50000.00,50069.00,1307896,65484745030.00,118,50124.00
20111025,50095.00,50100.00,50000.00,50081.00,51121,2560205796.00,48,50069.00
20111026,50050.00,50050.00,49803.00,49999.00,301911,15095302742.00,78,50081.00
20111029,49900.00,49950.00,49749.00,49804.00,46875,2334546125.00,37,49999.00
20111030,49799.00,49799.00,48000.00,49635.00,91795,4556279142.00,37,49804.00
20111031,49159.00,49200.00,48499.00,49000.00,172447,8449980687.00,78,49635.00
20111101,48051.00,49099.00,48051.00,49020.00,93872,4601586048.00,44,49000.00
20111102,49100.00,49697.00,49001.00,49416.00,57228,2827961020.00,19,49020.00
20111105,49063.00,49063.00,48615.00,48856.00,170016,8306251391.00,44,49416.00
20111106,49200.00,49224.00,48103.00,48291.00,176251,8511267557.00,103,48856.00
20111108,48990.00,48990.00,47000.00,47427.00,260107,12336034689.00,103,48291.00
20111109,47899.00,48500.00,47899.00,48129.00,209055,10061513760.00,77,47427.00
20111112,48800.00,48800.00,48100.00,48382.00,124337,6015644259.00,37,48129.00
20111113,48300.00,48500.00,47800.00,48429.00,41861,2027285792.00,30,48382.00
20111114,48400.00,48400.00,47750.00,47913.00,178999,8576371010.00,34,48429.00
20111116,47756.00,48260.00,47756.00,47995.00,28565,1370976760.00,34,47913.00
20111119,48000.00,48500.00,48000.00,48244.00,354059,17081331231.00,51,47995.00
20111120,48680.00,48680.00,48106.00,48322.00,253578,12253440623.00,31,48244.00
20111121,48699.00,48699.00,48083.00,48329.00,135776,6561957744.00,43,48322.00
20111122,48300.00,48300.00,47841.00,47963.00,129552,6213728158.00,85,48329.00
20111123,48400.00,48400.00,47207.00,47646.00,232351,11070500976.00,61,47963.00
20111126,47206.00,47400.00,46926.00,47054.00,303764,14293201702.00,79,47646.00
20111127,47000.00,47000.00,45506.00,45997.00,242414,11150354810.00,83,47054.00
20111128,46001.00,46395.00,45951.00,46011.00,479596,22066633129.00,114,45997.00
20111129,46350.00,46859.00,46350.00,46729.00,483176,22578533130.00,106,46011.00
20111130,46950.00,46950.00,46000.00,46029.00,92752,4269243432.00,53,46729.00
20111203,46345.00,46640.00,46100.00,46574.00,56000,2608150192.00,28,46029.00
20111204,46800.00,48500.00,46799.00,47822.00,135804,6494471572.00,62,46574.00
20111207,47400.00,48290.00,47400.00,47645.00,139870,6664078985.00,35,47822.00
20111210,47424.00,48450.00,47221.00,47510.00,96690,4593748094.00,31,47645.00
20111211,47500.00,47500.00,46550.00,46975.00,16540,776961201.00,37,47510.00
20111212,47000.00,47448.00,46616.00,47031.00,28530,1341791754.00,26,46975.00
20111213,47001.00,47800.00,47001.00,47275.00,39031,1845205433.00,26,47031.00
20111214,47699.00,47699.00,47000.00,47004.00,133280,6264706413.00,21,47275.00
20111217,47004.00,47004.00,46524.00,46966.00,69386,3258757174.00,49,47004.00
20111218,47000.00,47100.00,46624.00,47000.00,465883,21896503499.00,136,46966.00
20111219,47250.00,47500.00,47002.00,47133.00,34960,1647763074.00,21,47000.00
20111220,47892.00,47892.00,46952.00,47021.00,124159,5838110373.00,58,47133.00
20111221,46500.00,47500.00,46500.00,46968.00,187565,8809546917.00,54,47021.00
20111224,47500.00,47500.00,46802.00,47047.00,94904,4464966155.00,51,46968.00
20111225,46501.00,47100.00,46501.00,46951.00,38349,1800520288.00,27,47047.00
20111226,47000.00,47000.00,46406.00,46651.00,16248,757978722.00,24,46951.00
20111227,46997.00,46997.00,46500.00,46592.00,17214,802039123.00,20,46651.00
20111228,46990.00,46999.00,46502.00,46710.00,269337,12580646604.00,33,46592.00
20111231,47050.00,47050.00,46600.00,46845.00,108702,5092136475.00,58,46710.00
20120101,47000.00,47100.00,46803.00,46957.00,38280,1797496637.00,19,46845.00
20120102,46997.00,46997.00,46504.00,46643.00,33111,1544404990.00,15,46957.00
20120103,46965.00,47170.00,46600.00,46885.00,299205,14028148637.00,71,46643.00
20120104,47000.00,47298.00,47000.00,47086.00,82577,3888256038.00,33,46885.00
20120107,47200.00,47260.00,46901.00,47155.00,37901,1787222175.00,38,47086.00
20120108,47155.00,47240.00,47002.00,47100.00,506242,23843771070.00,22,47155.00
20120109,47500.00,47880.00,47500.00,47832.00,70131,3354515363.00,48,47100.00
20120110,47830.00,48950.00,47830.00,48220.00,80646,3888710451.00,65,47832.00
20120111,48968.00,49488.00,48810.00,49263.00,209063,10299167894.00,86,48220.00
20120115,49494.00,49500.00,49002.00,49355.00,47467,2342738516.00,62,49263.00
20120116,49838.00,49850.00,49012.00,49496.00,66005,3266997604.00,61,49355.00
20120117,49100.00,49100.00,48112.00,48488.00,11634,564110777.00,33,49496.00
20120118,48400.00,49490.00,48120.00,49381.00,2892082,142814063758.00,182,48488.00
20120121,49380.00,49381.00,48253.00,48929.00,15584,762516540.00,32,49381.00
20120123,47500.00,48996.00,47500.00,48336.00,36192,1749368119.00,44,48929.00
20120125,48000.00,48200.00,47450.00,47877.00,62914,3012154202.00,45,48336.00
20120128,47104.00,48500.00,47104.00,48310.00,20743,1002087632.00,34,47877.00
20120129,48945.00,49798.00,47601.00,49109.00,3627784,178158622418.00,210,48310.00
20120130,49899.00,49899.00,49281.00,49458.00,709247,35077696297.00,89,49109.00
20120131,49499.00,49700.00,49499.00,49505.00,235472,11657084298.00,46,49458.00
20120201,49495.00,49900.00,49001.00,49477.00,100589,4976878053.00,57,49505.00
20120204,49206.00,49800.00,49001.00,49182.00,22579,1110490081.00,34,49477.00
20120205,49001.00,49430.00,48602.00,48996.00,16220,794717994.00,24,49182.00
20120206,48980.00,49000.00,48520.00,48971.00,356499,17458131168.00,50,48996.00
20120207,49000.00,49000.00,48850.00,48904.00,469160,22943850596.00,67,48971.00
20120208,48900.00,48900.00,48750.00,48781.00,44487,2170108935.00,27,48904.00
20120212,48550.00,48700.00,48253.00,48585.00,126575,6149608670.00,22,48781.00
20120213,48480.00,48480.00,47800.00,47955.00,384867,18456166065.00,93,48585.00
20120214,48370.00,48388.00,47813.00,47977.00,44335,2127076980.00,19,47955.00
20120215,47604.00,48299.00,47602.00,47628.00,160300,7634694264.00,49,47977.00
20120218,0.00,0.00,0.00,47628.00,0,0.00,0,47628.00
20120219,0.00,0.00,0.00,47628.00,0,0.00,0,47628.00
20120220,50100.00,50700.00,48540.00,48774.00,573173,28245473154.00,250,47628.00
20120221,49899.00,49899.00,49000.00,49136.00,501337,24751469902.00,162,48774.00
20120222,49480.00,49500.00,49253.00,49372.00,74435,3674974346.00,105,49136.00
20120225,49550.00,49550.00,49000.00,49298.00,20456,1008437440.00,59,49372.00
20120226,49350.00,49440.00,49200.00,49357.00,82432,4068557011.00,60,49298.00
20120227,49500.00,49690.00,49500.00,49571.00,90216,4472130312.00,66,49357.00
20120228,49402.00,50499.00,49402.00,50329.00,405093,20387771372.00,119,49571.00
20120229,50320.00,50475.00,49001.00,49437.00,342788,16946340551.00,103,50329.00
20120303,50000.00,50200.00,50000.00,50041.00,91152,4561321520.00,76,49437.00
20120304,50200.00,50400.00,50018.00,50212.00,96424,4841650604.00,69,50041.00
20120305,50301.00,50430.00,50000.00,50110.00,3569153,178848713690.00,95,50212.00
20120306,50200.00,50369.00,50195.00,50285.00,501802,25233187453.00,101,50110.00
20120307,50430.00,50629.00,50400.00,50528.00,114565,5788691682.00,84,50285.00
20120310,50511.00,51390.00,50302.00,50951.00,254539,12969023089.00,103,50528.00
20120311,50518.00,51899.00,50518.00,51692.00,595499,30782411514.00,209,50951.00
20120312,51899.00,51899.00,51201.00,51519.00,267560,13784362861.00,319,51692.00
20120313,51650.00,53380.00,51510.00,52524.00,457492,24029304122.00,502,51519.00
20120314,53380.00,55150.00,53380.00,54270.00,199124,10806377089.00,145,52524.00
20120317,55000.00,55000.00,54500.00,54537.00,536013,29232713462.00,240,54270.00
20120318,54700.00,55700.00,54700.00,55522.00,353213,19611176687.00,232,54537.00
20120324,55900.00,57900.00,55900.00,56485.00,246935,13948051499.00,178,55522.00
20120325,56400.00,56790.00,54500.00,55384.00,145469,8056631332.00,112,56485.00
20120326,55199.00,55199.00,54006.00,54254.00,108684,5896588347.00,95,55384.00
20120327,54900.00,55290.00,54800.00,55032.00,386133,21249724881.00,97,54254.00
20120328,55998.00,55998.00,55400.00,55572.00,258970,14391502135.00,120,55032.00
20120402,55699.00,55700.00,54512.00,55099.00,126266,6957181027.00,87,55572.00
20120403,54901.00,54901.00,54300.00,54465.00,201638,10982214861.00,129,55099.00
20120404,54000.00,54495.00,54000.00,54246.00,247102,13404358411.00,143,54465.00
20120407,54230.00,55348.00,54230.00,54921.00,231181,12696723712.00,162,54246.00
20120408,54899.00,55000.00,54450.00,54784.00,213900,11718401630.00,268,54921.00
20120409,54463.00,54463.00,53335.00,53838.00,307182,16537966264.00,195,54784.00
20120410,53897.00,53897.00,53200.00,53466.00,381583,20401722246.00,216,53838.00
20120411,53021.00,54900.00,53021.00,54231.00,228969,12417270910.00,134,53466.00
20120414,54250.00,54550.00,53900.00,54019.00,159075,8593136568.00,122,54231.00
20120415,54027.00,54800.00,54027.00,54630.00,450010,24583862702.00,248,54019.00
20120416,54422.00,54422.00,53722.00,54050.00,1105609,59758450871.00,408,54630.00
20120417,0.00,0.00,0.00,54050.00,0,0.00,0,54050.00
20120418,0.00,0.00,0.00,54050.00,0,0.00,0,54050.00
20120421,0.00,0.00,0.00,46650.00,0,0.00,0,54050.00
20120422,0.00,0.00,0.00,46650.00,0,0.00,0,46650.00
20120423,0.00,0.00,0.00,46650.00,0,0.00,0,46650.00
20120424,46700.00,48500.00,46700.00,47501.00,1364604,64820441297.00,346,46650.00
20120428,47400.00,47422.00,46503.00,47345.00,182112,8521253754.00,132,47501.00
20120429,46500.00,46996.00,46002.00,47284.00,43763,2021613928.00,65,47345.00
20120430,46500.00,46500.00,46300.00,47236.00,46136,2141780454.00,60,47284.00
20120501,46470.00,46790.00,46250.00,46530.00,233723,10875131132.00,106,47236.00
20120502,46150.00,46700.00,46051.00,46483.00,147090,6837135755.00,80,46530.00
20120505,46494.00,46956.00,46483.00,46510.00,148232,6894199079.00,61,46483.00
20120506,46501.00,47350.00,46500.00,46695.00,214830,10031515816.00,74,46510.00
20120507,46501.00,47350.00,46501.00,46878.00,236033,11064657642.00,97,46695.00
20120508,47300.00,47300.00,46903.00,46962.00,106170,4986004302.00,43,46878.00
20120509,46998.00,47097.00,46799.00,46891.00,274793,12885204353.00,71,46962.00
20120512,46499.00,46948.00,46400.00,46477.00,212033,9854630536.00,91,46891.00
20120513,46151.00,46438.00,46000.00,46060.00,98443,4534293791.00,40,46477.00
20120514,46105.00,47000.00,46105.00,46824.00,50078,2344866012.00,46,46060.00
20120515,46825.00,46997.00,46650.00,46748.00,269323,12590427520.00,39,46824.00
20120516,47021.00,47190.00,46750.00,46958.00,340425,15985820736.00,107,46748.00
20120519,47100.00,47100.00,46850.00,46888.00,243344,11409831605.00,52,46958.00
20120520,46850.00,46998.00,46850.00,46868.00,489150,22925626944.00,97,46888.00
20120521,46800.00,46880.00,46711.00,46771.00,27045,1264913217.00,51,46868.00
20120522,46751.00,46922.00,46700.00,46807.00,175735,8225710425.00,65,46771.00
20120523,46900.00,47439.00,46900.00,47202.00,91995,4342302668.00,76,46807.00
20120526,47390.00,47390.00,46510.00,46662.00,36846,1719293528.00,59,47202.00
20120527,46400.00,47000.00,46310.00,46711.00,31924,1491186832.00,37,46662.00
20120528,46750.00,47400.00,46750.00,47246.00,35733,1688224606.00,46,46711.00
20120529,47065.00,47430.00,47010.00,47311.00,44377,2099537659.00,40,47246.00
20120530,47000.00,47440.00,47000.00,47260.00,45767,2162960227.00,39,47311.00
20120602,47360.00,47750.00,47360.00,47424.00,70393,3338344117.00,55,47260.00
20120605,47500.00,47800.00,47500.00,47510.00,9888,469776361.00,32,47424.00
20120606,47050.00,47444.00,47010.00,47157.00,13799,650724479.00,28,47510.00
20120609,47100.00,47100.00,46251.00,46625.00,41530,1936321726.00,65,47157.00
20120610,46023.00,47000.00,46023.00,46898.00,98792,4633166868.00,47,46625.00
20120611,47740.00,47740.00,46704.00,47143.00,1372,64680330.00,8,46898.00
20120612,47000.00,47000.00,46600.00,46695.00,193558,9038187622.00,44,47143.00
20120613,46601.00,46802.00,46600.00,46608.00,698351,32548935994.00,47,46695.00
20120616,46662.00,47000.00,46662.00,46960.00,15332,719996047.00,11,46608.00
20120617,46673.00,46700.00,46530.00,46676.00,70002,3267393297.00,24,46960.00
20120619,46550.00,46900.00,46500.00,46716.00,18356,857519646.00,21,46676.00
20120620,46895.00,46895.00,46500.00,46672.00,57117,2665772996.00,26,46716.00
20120623,46015.00,46100.00,45620.00,45965.00,118377,5441142524.00,80,46672.00
20120624,46000.00,46000.00,45502.00,45799.00,33248,1522711413.00,38,45965.00
20120625,45361.00,46000.00,45360.00,45864.00,97130,4454798220.00,61,45799.00
20120626,45510.00,45898.00,45000.00,45485.00,72629,3303555289.00,112,45864.00
20120627,45000.00,45600.00,45000.00,45447.00,94839,4310109350.00,71,45485.00
20120630,45601.00,45900.00,45601.00,45854.00,36998,1696510302.00,16,45447.00
20120701,46000.00,46150.00,45820.00,45909.00,161519,7415225094.00,41,45854.00
20120702,45871.00,46000.00,45850.00,45906.00,133731,6139058004.00,44,45909.00
20120703,46000.00,46499.00,45800.00,46392.00,123334,5721738180.00,40,45906.00
20120704,45610.00,46200.00,45610.00,45752.00,76107,3482075916.00,29,46392.00
20120707,45700.00,46000.00,45700.00,45876.00,5990,274799796.00,11,45752.00
20120708,45702.00,45898.00,45702.00,45799.00,110798,5074447420.00,45,45876.00
20120709,45730.00,45950.00,45730.00,45875.00,32211,1477684205.00,16,45799.00
20120710,45744.00,46049.00,45742.00,45940.00,46599,2140764616.00,44,45875.00
20120711,45812.00,46000.00,45812.00,45913.00,159062,7302961687.00,64,45940.00
20120714,46000.00,46099.00,45901.00,45911.00,315448,14482599317.00,20,45913.00
20120715,45911.00,45911.00,45700.00,45875.00,326998,15000940541.00,39,45911.00
20120716,44511.00,45800.00,44510.00,45738.00,282575,12924343074.00,31,45875.00
20120717,45500.00,45700.00,44620.00,45599.00,385624,17584084262.00,47,45738.00
20120718,45500.00,45699.00,45251.00,45493.00,302610,13766771879.00,37,45599.00
20120721,45450.00,45500.00,45400.00,45457.00,1249956,56819290596.00,54,45493.00
20120722,45450.00,45500.00,45450.00,45458.00,263874,11995215128.00,43,45457.00
20120723,45460.00,45530.00,45457.00,45499.00,124430,5661435288.00,26,45458.00
20120724,45500.00,45543.00,45464.00,45508.00,322330,14668672551.00,39,45499.00
20120725,45485.00,45539.00,45451.00,45521.00,44572,2028947632.00,32,45508.00
20120728,45450.00,45521.00,45379.00,45406.00,37146,1686647969.00,32,45521.00
20120729,45003.00,45003.00,43710.00,44191.00,81798,3614706985.00,49,45406.00
20120730,43151.00,44900.00,43151.00,43864.00,44003,1930146540.00,36,44191.00
20120731,44691.00,44691.00,43760.00,43906.00,41698,1830802338.00,36,43864.00
20120801,44379.00,44379.00,43555.00,43680.00,8053,351757184.00,20,43906.00
20120804,43575.00,43575.00,41741.00,41914.00,38741,1623782296.00,65,43680.00
20120805,41741.00,41741.00,40010.00,40979.00,537803,22038504515.00,96,41914.00
20120806,40000.00,42688.00,40000.00,41275.00,27299,1126775935.00,40,40979.00
20120807,41795.00,41798.00,40100.00,40532.00,26402,1070122500.00,24,41275.00
20120808,40994.00,41980.00,40499.00,40833.00,226484,9248091804.00,79,40532.00
20120811,41895.00,42550.00,41895.00,42300.00,22509,952131611.00,13,40833.00
20120812,42388.00,42388.00,41400.00,42262.00,15771,666517664.00,19,42300.00
20120813,42274.00,42274.00,41391.00,41890.00,18739,784974197.00,21,42262.00
20120814,42168.00,42489.00,41401.00,41560.00,31342,1302561986.00,22,41890.00
20120815,41500.00,41996.00,41500.00,41589.00,20265,842799457.00,23,41560.00
20120818,41587.00,41587.00,41202.00,41424.00,2017,83552548.00,15,41589.00
20120821,41686.00,41686.00,41500.00,41608.00,85419,3554112210.00,44,41424.00
20120822,41660.00,41660.00,41500.00,41570.00,20769,863361740.00,36,41608.00
20120825,41500.00,41630.00,41021.00,41599.00,204452,8505063594.00,75,41570.00
20120826,41120.00,41600.00,41120.00,41464.00,98547,4086177222.00,51,41599.00
20120827,41598.00,41598.00,41262.00,41367.00,135347,5598870927.00,52,41464.00
20120902,41585.00,41585.00,41201.00,41379.00,24513,1014322689.00,26,41367.00
20120903,41374.00,41800.00,41355.00,41503.00,81481,3381707532.00,51,41379.00
20120904,42872.00,43571.00,42000.00,42750.00,150640,6439833133.00,70,41503.00
20120905,44200.00,44200.00,43201.00,44140.00,3694,163054658.00,24,42750.00
20120908,43311.00,43419.00,43130.00,43249.00,28250,1221783204.00,25,44140.00
20120909,43950.00,44199.00,42250.00,43338.00,1885,81692993.00,12,43249.00
20120910,43000.00,43870.00,43000.00,43078.00,6845,294867730.00,18,43338.00
20120911,43588.00,45230.00,42515.00,45172.00,1621531,73247199202.00,75,43078.00
20120915,45170.00,45172.00,43552.00,44040.00,20366,896913157.00,20,45172.00
20120916,44000.00,44900.00,44000.00,44048.00,36105,1590368557.00,45,44040.00
20120917,45000.00,45227.00,45000.00,45013.00,23461,1056054740.00,37,44048.00
20120918,45200.00,45230.00,44610.00,45103.00,36864,1662668095.00,35,45013.00
20120919,44999.00,45000.00,44000.00,44923.00,12736,572137700.00,25,45103.00
20120922,44995.00,44995.00,43891.00,44142.00,99055,4372474349.00,61,44923.00
20120923,44686.00,44686.00,44001.00,44053.00,167449,7376670759.00,41,44142.00
20120924,44289.00,44289.00,44000.00,44071.00,81530,3593072367.00,33,44053.00
20120925,44000.00,44250.00,44000.00,44086.00,89812,3959487151.00,35,44071.00
20120926,44000.00,46000.00,44000.00,45364.00,173933,7890324027.00,101,44086.00
20120929,46100.00,47348.00,46000.00,46766.00,256598,12000071411.00,75,45364.00
20120930,47349.00,49104.00,47349.00,48465.00,100787,4884596593.00,124,46766.00
20121001,47500.00,47500.00,46048.00,46706.00,50551,2361010461.00,45,48465.00
20121002,46700.00,46700.00,45500.00,46304.00,16875,781387924.00,19,46706.00
20121003,45004.00,47881.00,44700.00,45671.00,197499,9019985246.00,84,46304.00
20121006,44705.00,46000.00,44300.00,44909.00,56565,2540274334.00,46,45671.00
20121007,46484.00,46484.00,44003.00,44613.00,343402,15320025054.00,78,44909.00
20121008,44000.00,44973.00,44000.00,44526.00,238520,10620305022.00,46,44613.00
20121009,45000.00,46499.00,44320.00,44704.00,12643,565194579.00,30,44526.00
20121010,44330.00,45475.00,44200.00,44366.00,69504,3083589024.00,53,44704.00
20121013,44990.00,44990.00,44100.00,44206.00,20823,920499859.00,27,44366.00
20121014,44850.00,45000.00,44060.00,44865.00,138030,6192779326.00,53,44206.00
20121015,45297.00,46500.00,44110.00,45198.00,137415,6210903810.00,54,44865.00
20121016,45000.00,45990.00,44300.00,45629.00,645804,29467610074.00,40,45198.00
20121017,45297.00,45297.00,44201.00,44469.00,15370,683494256.00,60,45629.00
20121020,44103.00,44949.00,44102.00,44639.00,14896,664947918.00,47,44469.00
20121021,44000.00,44993.00,43500.00,44236.00,76530,3385376914.00,85,44639.00
20121022,44740.00,44740.00,43710.00,44046.00,35620,1568927925.00,35,44236.00
20121023,43500.00,45490.00,43500.00,44997.00,2430516,109366919780.00,119,44046.00
20121024,44001.00,45490.00,44001.00,45080.00,68535,3089551426.00,48,44997.00
20121027,45000.00,46260.00,45000.00,45851.00,299376,13726824249.00,151,45080.00
20121028,46400.00,46495.00,45699.00,46006.00,89229,4105090368.00,62,45851.00
20121029,45511.00,45997.00,45501.00,45608.00,42902,1956677194.00,26,46006.00
20121030,45608.00,46000.00,45608.00,45979.00,93366,4292848506.00,76,45608.00
20121031,46000.00,46000.00,45400.00,45648.00,12900,588855792.00,25,45979.00
20121104,45880.00,45880.00,45310.00,45602.00,36106,1646519928.00,27,45648.00
20121105,45003.00,45003.00,43710.00,44027.00,124990,5502952894.00,81,45602.00
20121106,44000.00,44001.00,43851.00,43999.00,177004,7787995006.00,48,44027.00
20121107,44000.00,44010.00,43950.00,44000.00,155419,6838452458.00,54,43999.00
20121110,44002.00,44739.00,43995.00,44007.00,7778,342285353.00,20,44000.00
20121111,44000.00,44444.00,43502.00,43834.00,22147,970800256.00,33,44007.00
20121112,43950.00,44044.00,43700.00,43947.00,221866,9750274120.00,53,43834.00
20121113,44000.00,44055.00,44000.00,44017.00,28737,1264927385.00,31,43947.00
20121114,44190.00,44300.00,44005.00,44189.00,368778,16295832430.00,51,44017.00
20121117,46397.00,46398.00,44372.00,46257.00,1409402,65195038557.00,375,44189.00
20121118,46550.00,46599.00,44530.00,45202.00,308276,13934837771.00,124,46257.00
20121119,45989.00,45989.00,44150.00,44478.00,128936,5734823033.00,77,45202.00
20121120,44300.00,45249.00,44300.00,44986.00,401074,18042806178.00,63,44478.00
20121121,45000.00,45690.00,44751.00,44937.00,41596,1869206898.00,49,44986.00
20121126,44804.00,44805.00,44473.00,44599.00,65170,2906491224.00,84,44937.00
20121127,44500.00,44945.00,43912.00,44105.00,534271,23563767720.00,249,44599.00
20121128,44210.00,44210.00,43950.00,44014.00,151985,6689438845.00,127,44105.00
20121201,44100.00,44340.00,43991.00,44051.00,113707,5008852391.00,111,44014.00
20121202,44001.00,44260.00,44000.00,44062.00,412245,18164526121.00,121,44051.00
20121203,44150.00,44230.00,43977.00,44012.00,116492,5127051848.00,103,44062.00
20121204,44100.00,44150.00,43180.00,43603.00,180064,7851301814.00,211,44012.00
20121205,44000.00,44000.00,43070.00,43244.00,447903,19369298783.00,229,43603.00
20121208,43250.00,43999.00,43010.00,43695.00,35149,1535843573.00,44,43244.00
20121209,43950.00,44000.00,43700.00,43860.00,12724,558079331.00,54,43695.00
20121210,43800.00,44295.00,43800.00,44021.00,285846,12583220991.00,70,43860.00
20121211,44290.00,44450.00,44203.00,44306.00,37355,1655049614.00,51,44021.00
20121212,44301.00,44449.00,44000.00,44204.00,40891,1807559167.00,46,44306.00
20121215,44210.00,44450.00,44000.00,44355.00,20534,910786650.00,39,44204.00
20121216,44200.00,44949.00,44000.00,44701.00,170391,7616589044.00,86,44355.00
20121217,44900.00,46000.00,44781.00,45507.00,230279,10479241650.00,188,44701.00
20121218,0.00,0.00,0.00,45507.00,0,0.00,0,45507.00
20121219,0.00,0.00,0.00,45507.00,0,0.00,0,45507.00
20121222,0.00,0.00,0.00,45507.00,0,0.00,0,45507.00
20121223,0.00,0.00,0.00,45507.00,0,0.00,0,45507.00
20121224,0.00,0.00,0.00,45507.00,0,0.00,0,45507.00
20121225,0.00,0.00,0.00,45507.00,0,0.00,0,45507.00
20121226,47782.00,47782.00,47782.00,47782.00,310644,14843191608.00,40,45507.00
20121229,50171.00,50171.00,47800.00,49716.00,2217390,110239893560.00,482,47782.00
20121230,49500.00,49500.00,47500.00,47947.00,243442,11672317312.00,174,49716.00
20121231,48001.00,49190.00,47900.00,48648.00,284741,13852138773.00,196,47947.00
20130101,48999.00,48999.00,47501.00,48008.00,216148,10376897948.00,148,48648.00
20130102,47500.00,47500.00,46400.00,46675.00,190138,8874666022.00,141,48008.00
20130106,47799.00,47799.00,45003.00,45884.00,50497,2316998502.00,77,46675.00
20130107,45751.00,47099.00,45751.00,46604.00,80788,3765055482.00,72,45884.00
20130108,47050.00,47758.00,46907.00,46978.00,125546,5897908467.00,77,46604.00
20130109,47900.00,47900.00,46500.00,47043.00,137529,6469719788.00,79,46978.00
20130113,47360.00,47360.00,46000.00,46529.00,259135,12057396823.00,149,47043.00
20130114,46001.00,46580.00,45700.00,45960.00,135574,6231025470.00,138,46529.00
20130115,46900.00,46900.00,45500.00,45678.00,438809,20043848584.00,147,45960.00
20130116,46183.00,46183.00,45400.00,45476.00,189787,8630740322.00,121,45678.00
20130119,46000.00,47000.00,45650.00,46278.00,267119,12361752304.00,93,45476.00
20130120,46200.00,46299.00,45800.00,46068.00,16506,760399172.00,45,46278.00
20130121,45850.00,46068.00,45410.00,45645.00,15406,703202332.00,46,46068.00
20130122,45501.00,45501.00,43900.00,44287.00,171167,7580507026.00,138,45645.00
20130123,45975.00,45975.00,44882.00,45208.00,47738,2158130665.00,64,44287.00
20130126,45889.00,45889.00,44700.00,44864.00,48924,2194929661.00,78,45208.00
20130127,45580.00,45580.00,44411.00,44640.00,208301,9298538357.00,106,44864.00
20130128,44849.00,44990.00,44267.00,44495.00,90510,4027265964.00,90,44640.00
20130130,44300.00,45888.00,44201.00,44543.00,63263,2817910157.00,154,44495.00
20130202,44310.00,45000.00,44310.00,44532.00,31374,1397155118.00,38,44543.00
20130203,44452.00,44978.00,44300.00,44494.00,36527,1625225362.00,87,44532.00
20130204,44498.00,44498.00,44100.00,44290.00,22231,984614379.00,64,44494.00
20130205,44100.00,44450.00,44100.00,44297.00,14123,625606785.00,37,44290.00
20130206,44449.00,45475.00,44270.00,44725.00,76986,3443236023.00,106,44297.00
20130209,45490.00,45490.00,45000.00,45121.00,51932,2343228656.00,79,44725.00
20130211,45199.00,45500.00,45005.00,45228.00,67763,3064760421.00,77,45121.00
20130212,45200.00,45499.00,44725.00,45257.00,79886,3615376094.00,94,45228.00
20130213,45199.00,45200.00,44950.00,45014.00,87881,3955873876.00,74,45257.00
20130216,45000.00,45100.00,44900.00,44955.00,1525859,68594310829.00,123,45014.00
20130217,44950.00,45198.00,44600.00,44901.00,45823,2057519915.00,90,44955.00
20130218,44500.00,44900.00,44500.00,44787.00,57391,2570381279.00,91,44901.00
20130219,44893.00,44900.00,44350.00,44566.00,102373,4562392876.00,123,44787.00
20130220,44410.00,44700.00,44410.00,44518.00,82506,3673032637.00,118,44566.00
20130223,44744.00,45300.00,44505.00,44702.00,59692,2668381456.00,135,44518.00
20130224,44990.00,45000.00,44351.00,44942.00,1204094,54113906446.00,207,44702.00
20130225,44250.00,44500.00,43500.00,44157.00,111810,4937239328.00,121,44942.00
20130226,43502.00,44479.00,43502.00,43841.00,62497,2739959294.00,156,44157.00
20130227,43765.00,44379.00,43501.00,43959.00,233830,10278966881.00,188,43841.00
20130302,44000.00,44003.00,43902.00,43973.00,73240,3220607282.00,118,43959.00
20130303,43900.00,44502.00,43700.00,44125.00,83123,3667813965.00,133,43973.00
20130304,44002.00,46331.00,44002.00,46260.00,703145,32527480662.00,458,44125.00
20130305,47800.00,47800.00,45499.00,46084.00,125168,5768238340.00,213,46260.00
20130306,45100.00,45698.00,44506.00,45318.00,761637,34516170599.00,122,46084.00
20130309,44980.00,44980.00,43600.00,44276.00,230391,10200712530.00,258,45318.00
20130310,44300.00,44480.00,44000.00,44356.00,66090,2931475548.00,130,44276.00
20130311,44299.00,44299.00,43900.00,44060.00,100216,4415474189.00,166,44356.00
20130312,44000.00,45950.00,44000.00,45213.00,418206,18908484108.00,159,44060.00
20130313,45900.00,46300.00,45500.00,46000.00,370790,17056372396.00,201,45213.00
20130316,46110.00,46400.00,45500.00,46072.00,102612,4727582142.00,137,46000.00
20130317,46000.00,46000.00,45311.00,45993.00,4405843,202637681179.00,227,46072.00
20130318,45499.00,46150.00,45100.00,45866.00,134607,6173835665.00,265,45993.00
20130325,46460.00,48159.00,46460.00,48112.00,242224,11653815008.00,280,45866.00
20130326,49000.00,49850.00,48503.00,48824.00,165937,8101790859.00,167,48112.00
20130327,49490.00,49490.00,47000.00,47747.00,119685,5714567080.00,220,48824.00
20130330,47400.00,47500.00,46801.00,47057.00,37612,1769894815.00,105,47747.00
20130331,47002.00,48286.00,47000.00,47223.00,114421,5403352827.00,204,47057.00
20130403,47299.00,47800.00,47014.00,47501.00,67470,3204861149.00,122,47223.00
20130406,47502.00,48000.00,47500.00,47694.00,87638,4179813152.00,116,47501.00
20130407,48194.00,48500.00,47900.00,48224.00,172297,8308801845.00,208,47694.00
20130408,48500.00,48690.00,48000.00,48376.00,80143,3877019479.00,178,48224.00
20130409,47999.00,47999.00,46911.00,47206.00,96256,4543906368.00,329,48376.00
20130410,46920.00,47240.00,46111.00,46732.00,151381,7074281245.00,357,47206.00
20130413,46805.00,47450.00,46805.00,47041.00,109014,5128088626.00,240,46732.00
20130415,47040.00,47040.00,46421.00,46874.00,172969,8107790926.00,313,47041.00
20130416,46900.00,46985.00,46630.00,46883.00,323826,15182013358.00,269,46874.00
20130417,46900.00,49227.00,46710.00,48170.00,1103806,53170431435.00,729,46883.00
20130420,0.00,0.00,0.00,48170.00,0,0.00,0,48170.00
20130421,0.00,0.00,0.00,48170.00,0,0.00,0,48170.00
20130422,0.00,0.00,0.00,48170.00,0,0.00,0,48170.00
20130423,40000.00,40000.00,39000.00,39126.00,350472,13700799126.00,341,48170.00
20130424,39000.00,39190.00,38448.00,39017.00,514325,20033249384.00,529,39126.00
20130427,38850.00,38850.00,37550.00,38261.00,276630,10584220733.00,361,39017.00
20130428,38500.00,39200.00,38400.00,38998.00,399092,15563843289.00,357,38261.00
20130429,39000.00,39069.00,38111.00,38989.00,650515,25362672364.00,342,38998.00
20130430,39000.00,39050.00,38401.00,38968.00,546430,21293446480.00,359,38989.00
20130501,39000.00,39250.00,39000.00,39018.00,246876,9632640228.00,255,38968.00
20130504,39244.00,39340.00,39200.00,39277.00,266941,10484716371.00,223,39018.00
20130505,39499.00,39499.00,39000.00,39048.00,544260,21252275978.00,199,39277.00
20130506,39000.00,39039.00,39000.00,39001.00,165793,6466095332.00,209,39048.00
20130507,38997.00,38997.00,38500.00,38517.00,113388,4367371537.00,115,39001.00
20130508,38420.00,39000.00,38260.00,38583.00,86382,3332907704.00,190,38517.00
20130511,38998.00,38998.00,38261.00,38533.00,299152,11527151108.00,124,38583.00
20130512,38800.00,39277.00,38266.00,39015.00,1269569,49532614054.00,1087,38533.00
20130513,38999.00,38999.00,37810.00,38226.00,91559,3499953207.00,129,39015.00
20130514,38399.00,38399.00,37866.00,37941.00,254779,9666624799.00,445,38226.00
20130515,38000.00,38200.00,37912.00,38039.00,103192,3925359730.00,87,37941.00
20130518,38000.00,38000.00,37500.00,37659.00,137348,5172326855.00,120,38039.00
20130519,37404.00,37800.00,37404.00,37525.00,55482,2081943134.00,97,37659.00
20130520,37725.00,38000.00,37556.00,37875.00,41585,1575048425.00,89,37525.00
20130521,38000.00,38149.00,37876.00,37981.00,83410,3168022757.00,92,37875.00
20130522,37990.00,38069.00,37510.00,37852.00,140473,5317165540.00,122,37981.00
20130525,37998.00,38250.00,37900.00,38057.00,104949,3994040263.00,124,37852.00
20130526,38180.00,38180.00,37951.00,38012.00,140639,5345965116.00,128,38057.00
20130527,37962.00,38031.00,37961.00,37996.00,151542,5757944341.00,114,38012.00
20130528,37973.00,38240.00,37973.00,38047.00,99052,3768632597.00,104,37996.00
20130529,38200.00,38240.00,38030.00,38058.00,70269,2674280092.00,105,38047.00
20130601,38040.00,38099.00,37951.00,38019.00,54224,2061546397.00,86,38058.00
20130602,37900.00,38099.00,37900.00,37993.00,63772,2422904873.00,97,38019.00
20130603,38000.00,38088.00,38000.00,38009.00,103348,3928197889.00,101,37993.00
20130608,37510.00,38050.00,37510.00,37990.00,81814,3108117001.00,75,38009.00
20130609,37999.00,38040.00,37606.00,37962.00,40176,1525165778.00,77,37990.00
20130610,37835.00,38023.00,37835.00,37997.00,56500,2146839906.00,77,37962.00
20130611,37999.00,38000.00,37800.00,37905.00,208564,7905586643.00,102,37997.00
20130612,37990.00,37990.00,37550.00,37748.00,130769,4936327115.00,103,37905.00
20130615,38101.00,39300.00,38006.00,38582.00,244092,9417603730.00,191,37748.00
20130616,38650.00,39000.00,38121.00,38579.00,194488,7503196423.00,134,38582.00
20130617,38799.00,38800.00,37851.00,38065.00,88589,3372169392.00,102,38579.00
20130618,37990.00,38000.00,37502.00,37768.00,87884,3319208812.00,150,38065.00
20130619,37550.00,37692.00,37352.00,37543.00,78702,2954734629.00,163,37768.00
20130622,37680.00,37999.00,37602.00,37871.00,156316,5919795591.00,156,37543.00
20130623,37990.00,39764.00,37990.00,38836.00,394634,15325959329.00,297,37871.00
20130625,40777.00,40777.00,40777.00,40777.00,151865,6192599105.00,92,38836.00
20130626,42805.00,42805.00,41300.00,42118.00,206502,8697452352.00,313,40777.00
20130629,41999.00,42050.00,41500.00,41851.00,194808,8153000141.00,252,42118.00
20130630,41100.00,42183.00,41100.00,41767.00,173331,7239554911.00,233,41851.00
20130701,42180.00,42184.00,41500.00,41968.00,139924,5872367751.00,205,41767.00
20130702,41921.00,42000.00,41526.00,41785.00,182045,7606667466.00,152,41968.00
20130703,41556.00,43750.00,41556.00,42692.00,358443,15302827622.00,306,41785.00
20130706,43855.00,44826.00,43701.00,44542.00,700000,31179486573.00,379,42692.00
20130707,44600.00,45000.00,42927.00,43454.00,198185,8611950730.00,312,44542.00
20130708,43400.00,43400.00,42001.00,42564.00,191944,8169816409.00,139,43454.00
20130709,42004.00,42899.00,41900.00,42087.00,119934,5047667094.00,174,42564.00
20130710,42000.00,42986.00,42000.00,42424.00,118177,5013566843.00,130,42087.00
20130713,42451.00,42500.00,41600.00,41996.00,86519,3633476719.00,175,42424.00
20130714,41000.00,41000.00,40509.00,40705.00,121912,4962373426.00,162,41996.00
20130715,41010.00,41649.00,39972.00,40225.00,134701,5418382529.00,193,40705.00
20130716,39970.00,40131.00,39800.00,39980.00,135352,5411316032.00,139,40225.00
20130717,40000.00,40899.00,40000.00,40543.00,112897,4577216326.00,151,39980.00
20130720,40900.00,42550.00,40900.00,42326.00,189842,8035239046.00,240,40543.00
20130721,42350.00,42740.00,41100.00,42090.00,166519,7008763463.00,158,42326.00
20130722,42000.00,43900.00,42000.00,42804.00,118792,5084787677.00,167,42090.00
20130723,43500.00,44000.00,41975.00,42702.00,335861,14342038980.00,233,42804.00
20130724,43440.00,43440.00,41979.00,42002.00,193423,8124104921.00,136,42702.00
20130727,41510.00,42000.00,41200.00,41365.00,174719,7227260275.00,102,42002.00
20130728,41748.00,41748.00,40750.00,41097.00,80320,3300910635.00,116,41365.00
20130729,41003.00,41236.00,41003.00,41138.00,183868,7563969979.00,145,41097.00
20130731,41000.00,41400.00,41000.00,41127.00,280734,11545853926.00,152,41138.00
20130803,41900.00,41900.00,41000.00,41203.00,177538,7315041348.00,192,41127.00
20130804,41000.00,42500.00,41000.00,41747.00,393461,16425934827.00,233,41203.00
20130805,41200.00,41939.00,41200.00,41508.00,318981,13240212322.00,152,41747.00
20130806,41601.00,43582.00,41601.00,42705.00,909690,38848243005.00,387,41508.00
20130807,43834.00,44840.00,43825.00,44747.00,1307825,58521427121.00,593,42705.00
20130811,44943.00,45000.00,43150.00,43973.00,209902,9229989896.00,266,44747.00
20130812,43900.00,46000.00,43301.00,45035.00,1870964,84258049764.00,387,43973.00
20130813,46500.00,47286.00,45700.00,46355.00,434071,20121573411.00,295,45035.00
20130814,46000.00,46100.00,44250.00,45088.00,236289,10653894418.00,182,46355.00
20130817,45501.00,46190.00,42834.00,44757.00,323127,14462180968.00,272,45088.00
20130818,43899.00,44700.00,42960.00,43507.00,508870,22139509519.00,195,44757.00